#INPUT FILE FOR PIECEWISE CONSTANT mu
piecewiseConstant_mu
1
30 30
0.330000 5.000000 0.900000
0.209546
6.904599
-8.4187990617357187 0.0000000000000000 -6.9045992386588999 0.0000000000000000 6.9045992386588892 0.0000000000000000 8.4187990617357471 0.0000000000000000
-0.0022173353839932 0.0000000000000000 0.0103183674645939 0.0000000000000000 0.0103183674645938 0.0000000000000000 -0.0022173353839931 0.0000000000000000 11899.8322738519000268 0.0000000000000000 -2574.4343185266434375 0.0000000000000000 0.0077829359419069 0.0000000000000000 -0.0020513599518443 0.0000000000000000
-0.9059579779559286 0.0000000000000000 -1.3458715542438067 0.0000000000000000 1.3458715542438100 0.0000000000000000 0.9059579779559216 0.0000000000000000
0.0430761381229348 0.0000000000000000 -0.0430761381229348 0.0000000000000000 0.0439368517021866 0.0000000000000000 0.0439368517021866 0.0000000000000000
0.0579749489663352 0.0000000000000000 0.0579749489663351 0.0000000000000000 -0.0398049413258624 0.0000000000000000 0.0398049413258622 0.0000000000000000
1.0359664649896276 0.0000000000000000 1.0359664649896456 0.0000000000000000 1.5088604815901729 0.0000000000000000 -1.5088604815901545 0.0000000000000000
-3.4843829334000880 0.0000000000000000 3.4843829334001382 0.0000000000000000 3.4161246128809748 0.0000000000000000 3.4161246128809228 0.0000000000000000
-13.8091984773177963 0.0000000000000000 13.8091984773178034 0.0000000000000000 16.8375981234714587 0.0000000000000000 -16.8375981234714942 0.0000000000000000
-0.0410699109493207 0.0000000000000000 0.0410699109493214 0.0000000000000000 0.0549017905459338 0.0000000000000000 0.0549017905459330 0.0000000000000000 -1050079643.7183794975280762 0.0000000000000000 0.0034556221685060 0.0000000000000000 0.0003298268802086 0.0000000000000000 17883178289.8223114013671875 0.0000000000000000
