#INPUT FILE FOR PIECEWISE CONSTANT mu
piecewiseConstant_mu
1
15 15
0.330000 20.000000 0.900000
0.083091
5.067085
-5.4633875495656010 0.0000000000000000 -5.0670849251448429 0.0000000000000000 5.0670849251448455 0.0000000000000000 5.4633875495655948 0.0000000000000000 
-0.0954047175200883 0.0000000000000000 0.1430359729810003 0.0000000000000000 0.1430359729809965 0.0000000000000000 -0.0954047175200882 0.0000000000000000 2068.2640928221971990 0.0000000000000000 -1368.3061875822806996 0.0000000000000000 0.0998888842810359 0.0000000000000000 -0.0712810776296449 0.0000000000000000 
-0.9628328576249460 0.0000000000000000 -1.1198321269273726 0.0000000000000000 1.1198321269273712 0.0000000000000000 0.9628328576249484 0.0000000000000000 
0.0654076319510034 0.0000000000000000 -0.0654076319510035 0.0000000000000000 -0.0656524088118223 0.0000000000000000 0.0656524088118224 0.0000000000000000 
0.0732455676049753 0.0000000000000000 0.0732455676049754 0.0000000000000000 -0.0632122963862477 0.0000000000000000 -0.0632122963862477 0.0000000000000000 
2.9694680846124841 0.0000000000000000 2.9694680846124863 0.0000000000000000 3.4407921840602400 0.0000000000000000 3.4407921840602405 0.0000000000000000 
-9.2333220984080491 0.0000000000000000 9.2333220984080260 0.0000000000000000 -9.1988968025341968 0.0000000000000000 9.1988968025341720 0.0000000000000000 
-10.1341698502896431 0.0000000000000000 10.1341698502896502 0.0000000000000000 -10.9267750991312198 0.0000000000000000 10.9267750991312269 0.0000000000000000 
-1.7550964480154359 0.0000000000000000 1.7550964480154505 0.0000000000000000 -1.9414331278864316 0.0000000000000000 1.9414331278864496 0.0000000000000000 -28672798.8799824528396130 0.0000000000000000 0.1677225118671787 0.0000000000000000 -60615649.9621376618742943 0.0000000000000000 0.0877590798072795 0.0000000000000000 
