#INPUT FILE FOR PIECEWISE CONSTANT mu
piecewiseConstant_mu
1
15 15
0.330000 10.000000 0.900000
0.132795
6.018377
-6.8011755858956491 0.0000000000000000 -6.0183767310149356 0.0000000000000000 6.0183767310149285 0.0000000000000000 6.8011755858956606 0.0000000000000000 
-0.0167352217409521 0.0000000000000000 0.0372747039262689 0.0000000000000000 0.0372747039262678 0.0000000000000000 -0.0167352217409520 0.0000000000000000 4524.0630926898365942 0.0000000000000000 -2028.5188378804018612 0.0000000000000000 0.0268017890892359 0.0000000000000000 -0.0135863693807989 0.0000000000000000 
-0.9404926288998144 0.0000000000000000 -1.2015704004397525 0.0000000000000000 1.2015704004397552 0.0000000000000000 0.9404926288998109 0.0000000000000000 
-0.0529622857211522 0.0000000000000000 -0.0529622857211522 0.0000000000000000 -0.0534090003321468 0.0000000000000000 0.0534090003321468 0.0000000000000000 
-0.0636379148621700 0.0000000000000000 0.0636379148621695 0.0000000000000000 0.0502307711292916 0.0000000000000000 0.0502307711292914 0.0000000000000000 
-1.7673989102356340 0.0000000000000000 1.7673989102357215 0.0000000000000000 -2.2391370637645704 0.0000000000000000 -2.2391370637644825 0.0000000000000000 
5.6527780770224636 0.0000000000000000 5.6527780770227425 0.0000000000000000 -5.6054980578497222 0.0000000000000000 5.6054980578494442 0.0000000000000000 
-12.0367534620298180 0.0000000000000000 12.0367534620298642 0.0000000000000000 13.6023511717913230 0.0000000000000000 -13.6023511717913514 0.0000000000000000 
0.2999637622265224 0.0000000000000000 0.2999637622265397 0.0000000000000000 -0.3529898683698198 0.0000000000000000 0.3529898683698021 0.0000000000000000 184869718.2059158384799957 0.0000000000000000 0.0272056653524933 0.0000000000000000 -0.0076093549479379 0.0000000000000000 804250498.6465715169906616 0.0000000000000000 
